152183
154347
149481
142803
155541
132933
149955
145292
156323
145162
147936
157033
140010
139673
152591
123678
144578
146526
144314
142384
155484
134976
140795
158764
146530
127382
151192
149512
157564
130713
146459
137875
145160
146450
134772
143188
137948
160922
152161
161365
161006
152331
146517
156465
142699
148390
154214
146544
146503
160944
143473
134891
162471
159525
146485
144280
160135
161847
94183
146524
127346
152387
158536
154112
137946
163090
162173
162229
151249
163068
149221
154980
162933
159592
162260
155256
149479
140653
154508
164298
152168
126961
162150
137008
155716
164683
154669
149478
156337
162956
145246
151152
153932
154964
143622
146506
165768
146469
156363
153652
137696
165461
152170
144008
160261
151117
155680
151674
158181
137890
153933
162824
162751
167108
142633
158252
138601
155218
161850
154984
167107
154573
121052
150637
161242
140696
166180
154353
162415
149517
169561
169016
162420
160009
165524
164331
153642
160749
162151
168668
164108
165669
142317
162932
143422
161834
168863
155715
162716
168172
152385
142210
170242
153298
162228
154986
155411
160399
149482
158091
154183
169349
162419
162172
164335
155665
152162
170642
164979
149289
85579
158191
168504
154981